,Date_reported,New_cases,SmoothedCases,cutDatesPV
5994,2020-01-03,0,0.11436087061947589,0
5995,2020-01-04,0,0.13794749347997246,0
5996,2020-01-05,0,0.1669038595464,0
5997,2020-01-06,0,0.20248147961922158,0
5998,2020-01-07,0,0.24621607989907057,0
5999,2020-01-08,0,0.2999882955047,0
6000,2020-01-09,0,0.36609606835663455,0
6001,2020-01-10,0,0.4473406424942722,0
6002,2020-01-11,0,0.5471282562736123,0
6003,2020-01-12,0,0.6695898326094069,0
6004,2020-01-13,0,0.8197211564218693,0
6005,2020-01-14,0,1.0035461915465933,0
6006,2020-01-15,0,1.22830631421978,0
6007,2020-01-16,0,1.5026783114077464,0
6008,2020-01-17,0,1.8370239923619145,0
6009,2020-01-18,0,2.243674171972824,0
6010,2020-01-19,0,2.73724958491027,0
6011,2020-01-20,0,3.335020960043467,0
6012,2020-01-21,0,4.057310005707389,0
6013,2020-01-22,0,4.92793241008114,0
6014,2020-01-23,0,5.974683131983847,0
6015,2020-01-24,0,7.229863234208782,0
6016,2020-01-25,0,8.730846287284777,0
6017,2020-01-26,0,10.520680945101523,0
6018,2020-01-27,0,12.648724670384093,0
6019,2020-01-28,0,15.171301779732834,0
6020,2020-01-29,2,18.152377004384483,0
6021,2020-01-30,0,21.6642336511052,0
6022,2020-01-31,1,25.788143232525698,0
6023,2020-02-01,0,30.615011160431205,0
6024,2020-02-02,0,36.24598080964774,0
6025,2020-02-03,0,42.79297602299064,0
6026,2020-02-04,0,50.37916000641406,0
6027,2020-02-05,0,59.13928663375432,0
6028,2020-02-06,0,69.21991852667765,0
6029,2020-02-07,0,80.77948499038013,0
6030,2020-02-08,0,93.9881520695874,0
6031,2020-02-09,0,109.02747674884137,0
6032,2020-02-10,0,126.08981776586424,0
6033,2020-02-11,0,145.37747674685468,0
6034,2020-02-12,0,167.10154551305166,0
6035,2020-02-13,0,191.4804385434015,0
6036,2020-02-14,0,218.7380937859988,0
6037,2020-02-15,0,249.10183034374904,0
6038,2020-02-16,0,282.79985803767016,0
6039,2020-02-17,0,320.0584414547685,0
6040,2020-02-18,0,361.0987297502021,0
6041,2020-02-19,0,406.1332730769763,0
6042,2020-02-20,0,455.3622568862626,0
6043,2020-02-21,0,508.96949624575757,0
6044,2020-02-22,14,567.1182434743245,0
6045,2020-02-23,62,629.9468734487169,0
6046,2020-02-24,53,697.5645215183087,0
6047,2020-02-25,97,770.0467586487897,0
6048,2020-02-26,93,847.4313967682358,0
6049,2020-02-27,78,929.7145238681275,0
6050,2020-02-28,250,1016.8468727926889,0
6051,2020-02-29,238,1108.7306294429463,0
6052,2020-03-01,240,1205.216784994543,0
6053,2020-03-02,566,1306.1031324251196,0
6054,2020-03-03,342,1411.1330000087546,0
6055,2020-03-04,466,1519.9948034150468,0
6056,2020-03-05,587,1632.3224837279452,0
6057,2020-03-06,769,1747.6968812870175,0
6058,2020-03-07,778,1865.648075100304,0
6059,2020-03-08,1247,1985.6586951647414,1
6060,2020-03-09,1492,2107.168190961213,0
6061,2020-03-10,1797,2229.5780143764173,0
6062,2020-03-11,977,2352.257650135791,0
6063,2020-03-12,2313,2474.55140235808,0
6064,2020-03-13,2651,2595.7858229323047,0
6065,2020-03-14,2547,2715.2776469272526,0
6066,2020-03-15,3497,2832.3420829766046,0
6067,2020-03-16,3590,2946.3012932556276,0
6068,2020-03-17,3233,3056.4928888719955,0
6069,2020-03-18,3526,3162.278262674365,0
6070,2020-03-19,4207,3263.0505829017447,0
6071,2020-03-20,5322,3358.242277823415,0
6072,2020-03-21,5986,3447.3318534198384,0
6073,2020-03-22,6557,3529.8499028939714,0
6074,2020-03-23,5560,3605.3841878523835,0
6075,2020-03-24,4789,3673.5836956571225,0
6076,2020-03-25,5249,3734.1616048781784,0
6077,2020-03-26,5210,3786.8971200193973,0
6078,2020-03-27,6153,3831.6361667249016,0
6079,2020-03-28,5959,3868.2909684503843,0
6080,2020-03-29,5974,3896.838554075325,0
6081,2020-03-30,5217,3917.31827217246,0
6082,2020-03-31,4050,3929.8284107780223,0
6083,2020-04-01,4053,3934.5220407969073,0
6084,2020-04-02,4782,3931.6022160752887,0
6085,2020-04-03,4668,3921.3166733094026,0
6086,2020-04-04,4585,3903.9521801617025,0
6087,2020-04-05,4805,3879.828680250857,0
6088,2020-04-06,4316,3849.293379287316,0
6089,2020-04-07,3599,3812.7149079330843,0
6090,2020-04-08,3039,3770.4776845140163,0
6091,2020-04-09,3836,3722.9765851672373,0
6092,2020-04-10,4204,3670.612011112906,0
6093,2020-04-11,3951,3613.7854232959667,0
6094,2020-04-12,4694,3552.8953944603613,0
6095,2020-04-13,4092,3488.33420858361,0
6096,2020-04-14,3153,3420.4850182474615,0
6097,2020-04-15,2972,3349.719552601873,0
6098,2020-04-16,2667,3276.396352641941,0
6099,2020-04-17,3786,3200.859496987004,0
6100,2020-04-18,3493,3123.4377705247603,0
6101,2020-04-19,3491,3044.444220324738,0
6102,2020-04-20,3047,2964.176038169702,0
6103,2020-04-21,2256,2882.914706814636,0
6104,2020-04-22,2729,2800.9263474683876,0
6105,2020-04-23,3370,2718.462208720665,0
6106,2020-04-24,2646,2635.7592418549457,0
6107,2020-04-25,3021,2553.040713795407,0
6108,2020-04-26,2357,2470.516816405535,0
6109,2020-04-27,2324,2388.3852390535226,0
6110,2020-04-28,1739,2306.831679863569,0
6111,2020-04-29,2091,2226.0302794909435,0
6112,2020-04-30,2086,2146.1439692439094,0
6113,2020-05-01,1872,2067.3247326331666,1
6114,2020-05-02,1965,1989.7137857268376,0
6115,2020-05-03,1900,1913.4416868590706,0
6116,2020-05-04,1389,1838.6283901820975,0
6117,2020-05-05,1221,1765.3832602280986,0
6118,2020-05-06,1075,1693.805066080426,0
6119,2020-05-07,1444,1623.9819740181172,0
6120,2020-05-08,1401,1555.9915567110093,0
6121,2020-05-09,1327,1489.9008353575223,0
6122,2020-05-10,1083,1425.766368749532,0
6123,2020-05-11,802,1363.6344003090537,0
6124,2020-05-12,744,1303.5410708642262,0
6125,2020-05-13,1402,1245.5127015070916,0
6126,2020-05-14,888,1189.5661474801675,0
6127,2020-05-15,992,1135.7092208307572,0
6128,2020-05-16,789,1083.9411766851817,0
6129,2020-05-17,875,1034.2532555356524,0
6130,2020-05-18,675,986.6292719765695,0
6131,2020-05-19,451,941.0462389207219,0
6132,2020-05-20,813,897.4750154858608,0
6133,2020-05-21,665,855.8809664578314,0
6134,2020-05-22,642,816.2246214732249,0
6135,2020-05-23,652,778.4623227671993,0
6136,2020-05-24,669,742.5468514297587,0
6137,2020-05-25,531,708.4280235240509,0
6138,2020-05-26,300,676.0532490542643,0
6139,2020-05-27,397,645.3680485376383,0
6140,2020-05-28,584,616.3165237463548,0
6141,2020-05-29,593,588.8417809580502,0
6142,2020-05-30,516,562.8863067149673,0
6143,2020-05-31,416,538.392297579556,0
6144,2020-06-01,355,515.301946640129,0
6145,2020-06-02,178,493.5576905298666,0
6146,2020-06-03,318,473.10242145645776,0
6147,2020-06-04,321,453.87966919252096,0
6148,2020-06-05,177,435.8337581564367,0
6149,2020-06-06,518,418.9099446386918,0
6150,2020-06-07,270,403.0545389294251,0
6151,2020-06-08,197,388.215016615279,0
6152,2020-06-09,280,374.34012267987305,0
6153,2020-06-10,283,361.3799713071228,0
6154,2020-06-11,202,349.28614349573417,0
6155,2020-06-12,379,338.01178379056546,0
6156,2020-06-13,163,327.5116966628772,0
6157,2020-06-14,346,317.7424423625844,0
6158,2020-06-15,338,308.6624314512768,0
6159,2020-06-16,301,300.2320167277805,0
6160,2020-06-17,210,292.4135808939801,0
6161,2020-06-18,328,285.17161808558853,0
6162,2020-06-19,331,278.47280731154444,0
6163,2020-06-20,-148,272.2860759011408,0
6164,2020-06-21,264,266.58265123841494,0
6165,2020-06-22,224,261.3360993525422,0
6166,2020-06-23,221,256.52234931094574,0
6167,2020-06-24,113,252.11970280594534,0
6168,2020-06-25,577,248.10882881187422,0
6169,2020-06-26,296,244.47274369314653,0
6170,2020-06-27,255,241.19677764074177,0
6171,2020-06-28,175,238.26852878243884,0
6172,2020-06-29,174,235.67780673037606,0
6173,2020-06-30,126,233.4165676804002,0
6174,2020-07-01,142,231.47884344644615,0
6175,2020-07-02,182,229.8606669884729,0
6176,2020-07-03,201,228.5599970662626,0
6177,2020-07-04,223,227.57664461907223,0
6178,2020-07-05,235,226.91220333140092,0
6179,2020-07-06,192,226.56998659981062,0
6180,2020-07-07,208,226.55497276954924,0
6181,2020-07-08,137,226.8737600700773,0
6182,2020-07-09,193,227.5345321553875,0
6183,2020-07-10,214,228.54703456037288,0
6184,2020-07-11,276,229.9225617326975,0
6185,2020-07-12,188,231.67395360685148,0
6186,2020-07-13,234,233.8155999713692,0
6187,2020-07-14,169,236.36345016130318,0
6188,2020-07-15,114,239.33502490736186,0
6189,2020-07-16,162,242.74942651344247,0
6190,2020-07-17,230,246.62734293970587,0
6191,2020-07-18,231,250.99104086384742,0
6192,2020-07-19,249,255.8643424043639,0
6193,2020-07-20,218,261.2725799418865,0
6194,2020-07-21,190,267.2425233928052,0
6195,2020-07-22,128,273.8022743965578,0
6196,2020-07-23,280,280.981122194577,0
6197,2020-07-24,306,288.8093565216332,0
6198,2020-07-25,252,297.3180336108027,0
6199,2020-07-26,274,306.5386924368077,0
6200,2020-07-27,254,316.5030195867661,0
6201,2020-07-28,168,327.24246264150526,0
6202,2020-07-29,202,338.7877936540536,0
6203,2020-07-30,288,351.1686261940791,0
6204,2020-07-31,382,364.41289144692155,0
6205,2020-08-01,379,378.54628096251054,0
6206,2020-08-02,295,393.59166578268577,0
6207,2020-08-03,238,409.5685037674151,0
6208,2020-08-04,159,426.49224891754363,0
6209,2020-08-05,190,444.37377827734633,0
6210,2020-08-06,384,463.21885351758294,0
6211,2020-08-07,401,483.02763547561534,0
6212,2020-08-08,552,503.7942706971534,0
6213,2020-08-09,347,525.5065693286712,0
6214,2020-08-10,463,548.1457935089941,0
6215,2020-08-11,259,571.686574678655,0
6216,2020-08-12,412,596.096976961584,0
6217,2020-08-13,476,621.3387219919729,0
6218,2020-08-14,522,647.367588297761,0
6219,2020-08-15,574,674.1339956703946,0
6220,2020-08-16,629,701.5837819267986,0
6221,2020-08-17,477,729.659176198847,0
6222,2020-08-18,320,758.2999694752193,0
6223,2020-08-19,401,787.4448796850543,0
6224,2020-08-20,642,817.0331052684876,0
6225,2020-08-21,840,847.0060580378488,0
6226,2020-08-22,947,877.3092632962603,0
6227,2020-08-23,1071,907.8944127324033,0
6228,2020-08-24,1209,938.7215536143614,0
6229,2020-08-25,953,969.7613962988568,0
6230,2020-08-26,876,1000.9977210630036,0
6231,2020-08-27,1366,1032.4298647316966,0
6232,2020-08-28,1409,1064.075267462476,0
6233,2020-08-29,1460,1095.972060280399,0
6234,2020-08-30,1444,1128.1816744225894,0
6235,2020-08-31,1365,1160.791454130606,0
6236,2020-09-01,996,1193.917255080256,0
6237,2020-09-02,975,1227.7060110187936,0
6238,2020-09-03,1326,1262.338251246843,0
6239,2020-09-04,1397,1298.0305512054902,0
6240,2020-09-05,1732,1335.0378974953323,0
6241,2020-09-06,1693,1373.6559470775012,0
6242,2020-09-07,1297,1414.2231581333735,0
6243,2020-09-08,1150,1457.122767074609,0
6244,2020-09-09,1369,1502.7845825251502,0
6245,2020-09-10,1430,1551.6865628128144,0
6246,2020-09-11,1597,1604.3561387256332,0
6247,2020-09-12,1616,1661.3712381656937,0
6248,2020-09-13,1501,1723.3609640693576,0
6249,2020-09-14,1456,1791.0058717908646,0
6250,2020-09-15,1008,1865.037787328838,0
6251,2020-09-16,1229,1946.23910359568,0
6252,2020-09-17,1452,2035.4414886848317,0
6253,2020-09-18,1583,2133.523938080323,0
6254,2020-09-19,1907,2241.41010227071,0
6255,2020-09-20,1637,2360.0648225526793,0
6256,2020-09-21,1587,2490.489811188896,0
6257,2020-09-22,1350,2633.718417733671,0
6258,2020-09-23,1391,2790.809431425725,0
6259,2020-09-24,1640,2962.8398801802277,0
6260,2020-09-25,1786,3150.896799938123,0
6261,2020-09-26,1912,3356.0679639224027,0
6262,2020-09-27,1869,3579.431579601991,0
6263,2020-09-28,1766,3822.0449816836676,0
6264,2020-09-29,1494,4084.932371962601,0
6265,2020-09-30,1647,4369.0716809963105,0
6266,2020-10-01,1850,4675.380651872041,0
6267,2020-10-02,2548,5004.702272278894,0
6268,2020-10-03,2499,5357.789707064917,0
6269,2020-10-04,2843,5735.290908784956,0
6270,2020-10-05,2578,6137.733107709119,0
6271,2020-10-06,2257,6565.507404617032,0
6272,2020-10-07,2677,7018.85370869566,0
6273,2020-10-08,3677,7497.84627824973,0
6274,2020-10-09,4458,8002.380133029602,0
6275,2020-10-10,5372,8532.158613154854,0
6276,2020-10-11,5724,9086.682360333863,0
6277,2020-10-12,5456,9665.239991940083,0
6278,2020-10-13,4619,10266.900727239055,0
6279,2020-10-14,5898,10890.509207560286,0
6280,2020-10-15,7332,11534.6827285435,0
6281,2020-10-16,8803,12197.811073007564,0
6282,2020-10-17,10009,12878.059097919955,0
6283,2020-10-18,10925,13573.372188984677,0
6284,2020-10-19,11705,14281.484652273051,0
6285,2020-10-20,9337,14999.931064985665,1
6286,2020-10-21,10871,15726.060557854007,0
6287,2020-10-22,15199,16457.05395094103,0
6288,2020-10-23,16078,17189.943613795862,0
6289,2020-10-24,19143,17921.635871179544,0
6290,2020-10-25,19640,18648.935727993827,0
6291,2020-10-26,21273,19368.57364264172,0
6292,2020-10-27,17007,20077.23403775813,0
6293,2020-10-28,21989,20771.585201893115,0
6294,2020-10-29,24988,21448.310205995,0
6295,2020-10-30,26829,22104.13843497192,0
6296,2020-10-31,31079,22735.877317610724,0
6297,2020-11-01,31756,23340.44382795839,0
6298,2020-11-02,29905,23914.895328051472,0
6299,2020-11-03,22253,24456.459325615426,0
6300,2020-11-04,28241,24962.56173094417,0
6301,2020-11-05,30548,25430.85321441414,0
6302,2020-11-06,34502,25859.23328970836,0
6303,2020-11-07,37802,26245.8717774801,0
6304,2020-11-08,39809,26589.2273394652,0
6305,2020-11-09,32614,26888.062813494773,0
6306,2020-11-10,25269,27141.457124944805,0
6307,2020-11-11,35090,27348.813599306224,0
6308,2020-11-12,32961,27509.864553119707,0
6309,2020-11-13,37977,27624.672095773967,0
6310,2020-11-14,40902,27693.625131812492,0
6311,2020-11-15,37249,27717.432611546777,0
6312,2020-11-16,33977,27697.11313596436,0
6313,2020-11-17,27352,27633.98107910137,0
6314,2020-11-18,32191,27529.62944610919,0
6315,2020-11-19,34280,27385.909737027952,0
6316,2020-11-20,36176,27204.90913361522,0
6317,2020-11-21,37239,26988.925368313474,0
6318,2020-11-22,34764,26740.439669487445,0
6319,2020-11-23,28337,26462.088204435364,0
6320,2020-11-24,22927,26156.63246055038,0
6321,2020-11-25,23227,25826.929014746358,0
6322,2020-11-26,25852,25475.899141477053,0
6323,2020-11-27,29001,25106.498700254157,0
6324,2020-11-28,28342,24721.688724690743,0
6325,2020-11-29,26315,24324.40710725933,0
6326,2020-11-30,20646,23917.541737961667,0
6327,2020-12-01,16376,23503.90541206045,0
6328,2020-12-02,19347,23086.212773280557,0
6329,2020-12-03,20709,22667.059506024645,0
6330,2020-12-04,23219,22248.90393489711,0
6331,2020-12-05,24110,21834.051134008554,0
6332,2020-12-06,21052,21424.639593971566,0
6333,2020-12-07,18887,21022.630442954316,0
6334,2020-12-08,13679,20629.799171242197,0
6335,2020-12-09,14837,20247.72976785551,0
6336,2020-12-10,12755,19877.8111439773,1
6337,2020-12-11,16998,19521.235692013714,0
6338,2020-12-12,18726,19178.999811412785,0
6339,2020-12-13,19902,18851.906222881644,0
6340,2020-12-14,17937,18540.567890948903,0
6341,2020-12-15,12025,18245.413380126214,0
6342,2020-12-16,14839,17966.6934811129,0
6343,2020-12-17,17568,17704.488959174458,0
6344,2020-12-18,18233,17458.71929543527,0
6345,2020-12-19,15401,17229.152311684247,0
6346,2020-12-20,16305,17015.414588720832,0
6347,2020-12-21,15102,16817.002605681035,0
6348,2020-12-22,10869,16633.294541779476,0
6349,2020-12-23,13316,16463.56269135134,0
6350,2020-12-24,13908,16306.986447183719,0
6351,2020-12-25,18039,16162.665805481663,0
6352,2020-12-26,19037,16029.63533842656,0
6353,2020-12-27,10429,15906.87856757621,0
6354,2020-12-28,8913,15793.342654144453,0
6355,2020-12-29,8581,15687.953301646161,0
6356,2020-12-30,11210,15589.629743945317,0
6357,2020-12-31,16202,15497.299669033087,0
6358,2021-01-01,23477,15409.91390761792,0
6359,2021-01-02,22210,15326.460697544671,0
6360,2021-01-03,11825,15245.979321767747,0
6361,2021-01-04,14245,15167.572910455909,0
6362,2021-01-05,10798,15090.420197863707,0
6363,2021-01-06,15375,15013.786032544866,0
6364,2021-01-07,20326,14937.03045555246,0
6365,2021-01-08,18416,14859.616185261691,0
6366,2021-01-09,17529,14781.114378702345,0
6367,2021-01-10,19976,14701.208576718444,0
6368,2021-01-11,18625,14619.696782434066,0
6369,2021-01-12,12530,14536.49166765892,0
6370,2021-01-13,14242,14451.618948083636,0
6371,2021-01-14,15773,14365.214013371102,0
6372,2021-01-15,17243,14277.516940547634,0
6373,2021-01-16,16144,14188.866056568142,0
6374,2021-01-17,16310,14099.690246939017,0
6375,2021-01-18,12544,14010.50023051745,0
6376,2021-01-19,8825,13921.879035144808,0
6377,2021-01-20,10496,13834.471914129892,0
6378,2021-01-21,13568,13748.975939751388,0
6379,2021-01-22,14055,13666.129497330565,0
6380,2021-01-23,13633,13586.701882895986,0
6381,2021-01-24,13331,13511.483180260162,0
6382,2021-01-25,11628,13441.274560998707,0
6383,2021-01-26,8559,13376.879115129826,0
6384,2021-01-27,10584,13319.093283125865,0
6385,2021-01-28,15191,13268.698923161055,0
6386,2021-01-29,14360,13226.456013047004,0
6387,2021-01-30,13563,13193.095955796398,0
6388,2021-01-31,12713,13169.315432599651,0
6389,2021-02-01,11249,13155.770728294872,0
6390,2021-02-02,7925,13153.072442885486,0
6391,2021-02-03,9651,13161.78049864388,0
6392,2021-02-04,13182,13182.399355762194,0
6393,2021-02-05,13656,13215.373359911537,0
6394,2021-02-06,14213,13261.082161633389,0
6395,2021-02-07,13439,13319.836169089336,0
6396,2021-02-08,11640,13391.872020979314,0
6397,2021-02-09,7969,13477.34809387813,0
6398,2021-02-10,10612,13576.340086231232,0
6399,2021-02-11,12947,13688.836748187534,0
6400,2021-02-12,15137,13814.73585081046,0
6401,2021-02-13,13893,13953.840508634466,0
6402,2021-02-14,13523,14105.855984884345,0
6403,2021-02-15,11060,14270.387118083549,0
6404,2021-02-16,7344,14446.936511691842,0
6405,2021-02-17,10368,14634.903624607558,0
6406,2021-02-18,12066,14833.584889954993,0
6407,2021-02-19,13755,15042.174972977442,0
6408,2021-02-20,15470,15259.769256783764,0
6409,2021-02-21,14914,15485.367618104272,0
6410,2021-02-22,13450,15717.879525239565,0
6411,2021-02-23,9617,15956.130458297674,0
6412,2021-02-24,13299,16198.869618927914,0
6413,2021-02-25,16402,16444.778864382683,1
6414,2021-02-26,19871,16692.48277010151,0
6415,2021-02-27,20488,16940.559697213157,0
6416,2021-02-28,18902,17187.553717308965,0
6417,2021-03-01,17440,17431.98722725349,0
6418,2021-03-02,13106,17672.374072127815,0
6419,2021-03-03,17063,17907.232984862516,0
6420,2021-03-04,20840,18135.101146682995,0
6421,2021-03-05,22845,18354.5476729152,0
6422,2021-03-06,24010,18564.18683354708,0
6423,2021-03-07,23633,18762.690826626073,0
6424,2021-03-08,20724,18948.801934407995,0
6425,2021-03-09,13882,19121.343906418173,0
6426,2021-03-10,19725,19279.232429500105,0
6427,2021-03-11,22275,19421.484561811732,0
6428,2021-03-12,25649,19547.22702497211,0
6429,2021-03-13,26790,19655.703265664415,0
6430,2021-03-14,26031,19746.279214605634,0
6431,2021-03-15,21304,19818.447686687454,0
6432,2021-03-16,15252,19871.83138121032,0
6433,2021-03-17,20376,19906.184455540922,0
6434,2021-03-18,23040,19921.392659397843,0
6435,2021-03-19,24901,19917.472030566012,0
6436,2021-03-20,25707,19894.56616645398,0
6437,2021-03-21,23913,19852.942099836608,0
6438,2021-03-22,20045,19792.984821630318,0
6439,2021-03-23,24501,19715.19050881329,0
6440,2021-03-24,18739,19620.158531710887,0
6441,2021-03-25,21246,19508.582331767866,0
6442,2021-03-26,23783,19381.239278435696,0
6443,2021-03-27,23974,19238.979631582977,0
6444,2021-03-28,23771,19082.714753422115,0
6445,2021-03-29,19604,18913.40473075411,0
6446,2021-03-30,12900,18732.045583698215,0
6447,2021-03-31,16051,18539.65625027548,0
6448,2021-04-01,22499,18337.265546533115,0
6449,2021-04-02,23639,18125.899308640765,0
6450,2021-04-03,21917,17906.567925958207,0
6451,2021-04-04,21247,17680.25447198397,0
6452,2021-04-05,18017,17447.90363302328,0
6453,2021-04-06,10680,17210.41162222575,0
6454,2021-04-07,7763,16968.617249402334,0
6455,2021-04-08,13686,16723.294295013922,0
6456,2021-04-09,17209,16475.145310408032,0
6457,2021-04-10,18924,16224.796936431276,0
6458,2021-04-11,17551,15972.79679979147,0
6459,2021-04-12,15737,15719.612011935453,0
6460,2021-04-13,9780,15465.62925978539,0
6461,2021-04-14,13439,15211.156442513744,0
6462,2021-04-15,16160,14956.425774704416,0
6463,2021-04-16,16963,14701.598244762703,0
6464,2021-04-17,15923,14446.769289221993,0
6465,2021-04-18,15364,14191.975519445145,0
6466,2021-04-19,12688,13937.20231776789,0
6467,2021-04-20,8863,13682.392105838582,0
6468,2021-04-21,12069,13427.45307904159,0
6469,2021-04-22,13836,13172.268197529202,0
6470,2021-04-23,16046,12916.704226423202,0
6471,2021-04-24,14758,12660.620624907722,0
6472,2021-04-25,13814,12403.878095795313,0
6473,2021-04-26,13157,12146.346623160889,0
6474,2021-04-27,8440,11887.912845160236,0
6475,2021-04-28,10398,11628.486631471973,0
6476,2021-04-29,13382,11368.00675917864,0
6477,2021-04-30,14314,11106.44560658017,0
6478,2021-05-01,13445,10843.812810673528,1
6479,2021-05-02,12964,10580.157860136957,0
6480,2021-05-03,9145,10315.571620983315,0
6481,2021-05-04,5946,10050.186816021462,0
6482,2021-05-05,9113,9784.177501394575,0
6483,2021-05-06,10579,9517.757603341817,0
6484,2021-05-07,11798,9251.178595634507,0
6485,2021-05-08,10549,8984.726412637228,0
6486,2021-05-09,10174,8718.717704488983,0
6487,2021-05-10,8289,8453.495549420251,0
6488,2021-05-11,5077,8189.424743722962,0
6489,2021-05-12,6943,7926.886792442399,0
6490,2021-05-13,7848,7666.274723593171,0
6491,2021-05-14,8082,7407.987845797244,0
6492,2021-05-15,7562,7152.426563926156,0
6493,2021-05-16,6652,6899.987359864035,0
6494,2021-05-17,5748,6651.058036182889,0
6495,2021-05-18,3454,6406.013309648864,0
6496,2021-05-19,4449,6165.210829382144,0
6497,2021-05-20,5500,5928.987681505317,0
6498,2021-05-21,5736,5697.657428565409,0
6499,2021-05-22,5215,5471.507718225308,0
6500,2021-05-23,4714,5250.798481998656,0
6501,2021-05-24,3993,5035.760731435322,0
6502,2021-05-25,2489,4826.595946413141,0
6503,2021-05-26,3220,4623.476038285771,0
6504,2021-05-27,3935,4426.543859772127,0
6505,2021-05-28,4143,4235.914223808515,0
6506,2021-05-29,3737,4051.6753852404395,0
6507,2021-05-30,3348,3873.8909322883082,0
6508,2021-05-31,2948,3702.602029223072,0
6509,2021-06-01,1818,3537.8299476408724,0
6510,2021-06-02,2483,3379.578821103618,0
6511,2021-06-03,2896,3227.838556658474,0
6512,2021-06-04,1963,3082.5878367818723,0
6513,2021-06-05,2556,2943.7971465100572,0
6514,2021-06-06,2434,2811.4317628001586,0
6515,2021-06-07,2275,2685.4546463844617,0
6516,2021-06-08,1270,2565.829180401171,0
6517,2021-06-09,1894,2452.521704772328,0
6518,2021-06-10,2198,2345.5038005212805,0
6519,2021-06-11,2078,2244.75428385343,0
6520,2021-06-12,1892,2150.260875750204,0
6521,2021-06-13,1722,2062.0215189453465,0
6522,2021-06-14,1390,1980.0453203772395,0
6523,2021-06-15,907,1904.353103468647,0
6524,2021-06-16,1253,1834.9775608189975,0
6525,2021-06-17,1400,1771.9630040610882,0
6526,2021-06-18,1323,1715.364713703885,0
6527,2021-06-19,1147,1665.2478977355815,0
6528,2021-06-20,1193,1621.6862735830898,0
6529,2021-06-21,881,1584.7602937055312,0
6530,2021-06-22,484,1554.5550406289567,0
6531,2021-06-23,834,1531.157822591054,0
6532,2021-06-24,1140,1514.6555061323143,0
6533,2021-06-25,266,1505.1316269050178,0
6534,2021-06-26,751,1502.6633246186511,0
6535,2021-06-27,838,1507.3181523267701,0
6536,2021-06-28,780,1519.150814094386,0
6537,2021-06-29,387,1538.1998883571678,0
6538,2021-06-30,677,1564.484596869583,0
6539,2021-07-01,776,1598.0016809033946,0
6540,2021-07-02,879,1638.7224471604134,0
6541,2021-07-03,794,1686.5900455669134,0
6542,2021-07-04,929,1741.5170395954224,0
6543,2021-07-05,806,1803.3833269072056,0
6544,2021-07-06,480,1872.034463850171,0
6545,2021-07-07,907,1947.2804416454733,0
6546,2021-07-08,1010,2028.8949549622032,0
6547,2021-07-09,1391,2116.615195076415,0
6548,2021-07-10,1386,2210.1421900588507,0
6549,2021-07-11,1394,2309.141703613474,0
6550,2021-07-12,1391,2413.2456925313777,0
6551,2021-07-13,887,2522.0543105180154,0
6552,2021-07-14,1530,2635.1384337258996,0
6553,2021-07-15,2153,2752.0426710418988,0
6554,2021-07-16,2473,2872.2888104193244,0
6555,2021-07-17,2895,2995.379641695403,0
6556,2021-07-18,3118,3120.8030867672446,0
6557,2021-07-19,3126,3248.036560058514,0
6558,2021-07-20,2070,3376.551476194674,0
6559,2021-07-21,3555,3505.8178179582674,0
6560,2021-07-22,4254,3635.3086760883843,0
6561,2021-07-23,5056,3764.5046734116218,0
6562,2021-07-24,5142,3892.8981891524036,1
6563,2021-07-25,5138,4019.9973049882774,0
6564,2021-07-26,4742,4145.329402326324,0
6565,2021-07-27,3115,4268.444350136618,0
6566,2021-07-28,4516,4388.917234174835,0
6567,2021-07-29,5693,4506.3505911881475,0
6568,2021-07-30,6167,4620.376125312836,0
6569,2021-07-31,6613,4730.655897898138,0
6570,2021-08-01,6509,4836.882995977581,0
6571,2021-08-02,5320,4938.7816981123,0
6572,2021-08-03,3185,5036.107168928924,0
6573,2021-08-04,4841,5128.644724983726,0
6574,2021-08-05,6590,5216.208724271518,0
6575,2021-08-06,7224,5298.6411394905235,0
6576,2021-08-07,6599,5375.809880870799,0
6577,2021-08-08,6897,5447.606937846219,0
6578,2021-08-09,5733,5513.946410048728,0
6579,2021-08-10,4200,5574.7624970554025,0
6580,2021-08-11,5624,5630.007513125857,0
6581,2021-08-12,6921,5679.649987999696,0
6582,2021-08-13,7267,5723.67290791375,0
6583,2021-08-14,7398,5762.07214263103,0
6584,2021-08-15,7181,5794.8550947738895,0
6585,2021-08-16,5661,5822.0395974784915,0
6586,2021-08-17,3669,5843.653075709175,0
6587,2021-08-18,5268,5859.731975866036,0
6588,2021-08-19,7159,5870.3214579547575,0
6589,2021-08-20,7240,5875.475334910045,0
6590,2021-08-21,7220,5875.256234985588,0
6591,2021-08-22,7466,5869.735955712805,0
6592,2021-08-23,5922,5858.995972004035,0
6593,2021-08-24,4166,5843.128056689824,0
6594,2021-08-25,6078,5822.234969227384,0
6595,2021-08-26,7539,5796.4311675244435,0
6596,2021-08-27,7215,5765.84349875056,0
6597,2021-08-28,7823,5730.611827554085,0
6598,2021-08-29,6858,5690.889564107998,0
6599,2021-08-30,5954,5646.844059662054,0
6600,2021-08-31,4253,5598.656843532339,0
6601,2021-09-01,5492,5546.523682432784,0
6602,2021-09-02,6496,5490.654450449851,0
6603,2021-09-03,6754,5431.272805478686,0
6604,2021-09-04,6729,5368.615675281854,0
6605,2021-09-05,6156,5302.932563223058,0
6606,2021-09-06,5314,5234.484689920337,0
6607,2021-09-07,3347,5163.543992345573,0
6608,2021-09-08,4715,5090.392006103968,0
6609,2021-09-09,5921,5015.318659641621,0
6610,2021-09-10,5518,4938.621010886749,0
6611,2021-09-11,5617,4860.601957317311,0
6612,2021-09-12,5191,4781.56894970229,0
6613,2021-09-13,4664,4701.832737870168,0
6614,2021-09-14,2792,4621.706173940974,0
6615,2021-09-15,4009,4541.50309467916,1
6616,2021-09-16,4826,4461.537300170631,0
6617,2021-09-17,5115,4382.121641106409,0
6618,2021-09-18,4544,4303.567221785694,0
6619,2021-09-19,4576,4226.18272075341,0
6620,2021-09-20,3836,4150.273825976856,0
6621,2021-09-21,2405,4076.1427768444078,0
6622,2021-09-22,3374,4004.088001217595,0
6623,2021-09-23,3963,3934.4038324401427,0
6624,2021-09-24,4053,3867.3802887257198,0
6625,2021-09-25,3790,3803.302895794914,0
6626,2021-09-26,3519,3742.4525330567076,0
6627,2021-09-27,3099,3685.105284033805,0
6628,2021-09-28,1773,3631.5322730764647,0
6629,2021-09-29,2962,3581.9994726167533,0
6630,2021-09-30,3212,3536.767468168378,0
6631,2021-10-01,4094,3496.0911718264338,0
6632,2021-10-02,3403,3460.2194789910054,0
6633,2021-10-03,3309,3429.3948672332886,0
6634,2021-10-04,2967,3403.8529404382184,0
6635,2021-10-05,1612,3383.8219253889124,0
6636,2021-10-06,2463,3369.5221316116954,0
6637,2021-10-07,3232,3361.165388403474,0
6638,2021-10-08,2933,3358.9544753738255,0
6639,2021-10-09,3017,3363.0825644508673,0
6640,2021-10-10,2747,3373.7326920671017,0
6641,2021-10-11,2278,3391.077280155586,0
6642,2021-10-12,1516,3415.2777236974684,0
6643,2021-10-13,2486,3446.4840609714015,0
6644,2021-10-14,2769,3484.8347405146133,0
6645,2021-10-15,2666,3530.456496307067,0
6646,2021-10-16,2729,3583.4643400594096,0
6647,2021-10-17,2982,3643.9616769680338,0
6648,2021-10-18,2435,3712.040549150277,0
6649,2021-10-19,1594,3787.7820094370395,0
6650,2021-10-20,2695,3871.2566275066106,0
6651,2021-10-21,3699,3962.52513068728,0
6652,2021-10-22,3791,4061.63918328863,0
6653,2021-10-23,3879,4168.642311140157,0
6654,2021-10-24,3905,4283.570982160282,0
6655,2021-10-25,3723,4406.455859224533,0
6656,2021-10-26,2535,4537.323248261547,0
6657,2021-10-27,4053,4676.196772230335,0
6658,2021-10-28,4595,4823.0993102154835,0
6659,2021-10-29,4863,4978.055250060341,0
6660,2021-10-30,5332,5141.093112438253,0
6661,2021-10-31,4877,5312.248613695979,0
6662,2021-11-01,4525,5491.568243817201,0
6663,2021-11-02,2818,5679.113444045084,0
6664,2021-11-03,2831,5874.965475645407,0
6665,2021-11-04,5188,6079.231076538843,0
6666,2021-11-05,5902,6292.0490056145045,0
6667,2021-11-06,6761,6513.597574970351,0
6668,2021-11-07,6760,6744.1032676016775,0
6669,2021-11-08,5822,6983.850531653302,0
6670,2021-11-09,4547,7233.192831725733,0
6671,2021-11-10,6111,7492.565022337172,0
6672,2021-11-11,8033,7762.497087955364,0
6673,2021-11-12,8697,8043.6292675152035,0
6674,2021-11-13,8522,8336.728548570905,0
6675,2021-11-14,8539,8642.706476820273,0
6676,2021-11-15,7565,8962.638180433436,0
6677,2021-11-16,5199,9297.782455338971,0
6678,2021-11-17,7815,9649.602697509183,0
6679,2021-11-18,10167,10019.78840176091,0
6680,2021-11-19,10645,10410.276874395877,0
6681,2021-11-20,10554,10823.274730272275,0
6682,2021-11-21,11540,11261.278665175641,0
6683,2021-11-22,9707,11727.094913643396,0
6684,2021-11-23,6403,12223.85672316069,0
6685,2021-11-24,10044,12755.039100810347,0
6686,2021-11-25,12450,13324.470021377087,0
6687,2021-11-26,13756,13936.337230288393,0
6688,2021-11-27,13681,14595.189734605952,0
6689,2021-11-28,12869,15305.933054689782,0
6690,2021-11-29,12927,16073.817312262492,0
6691,2021-11-30,7972,16904.41726132639,0
6692,2021-12-01,12757,17803.603430255684,0
6693,2021-12-02,15073,18777.503639298724,0
6694,2021-12-03,16810,19832.454289728616,0
6695,2021-12-04,17015,20974.9409899432,0
6696,2021-12-05,16627,22211.528289627277,0
6697,2021-12-06,15010,23548.77853387896,0
6698,2021-12-07,9494,24993.16012161601,0
6699,2021-12-08,15742,26550.945751605697,0
6700,2021-12-09,17946,28228.101558439637,0
6701,2021-12-10,12516,30030.168371467436,0
6702,2021-12-11,20490,31962.13666246321,0
6703,2021-12-12,21035,34028.31707183135,0
6704,2021-12-13,19212,36232.20870684256,0
6705,2021-12-14,12704,38576.367676703594,0
6706,2021-12-15,20665,41062.27855624153,0
6707,2021-12-16,23190,43690.231641234546,0
6708,2021-12-17,26104,46459.20896366453,0
6709,2021-12-18,28615,49366.782065742045,0
6710,2021-12-19,28057,52409.024480919856,0
6711,2021-12-20,24303,55580.441734260734,0
6712,2021-12-21,16205,58873.92145231684,0
6713,2021-12-22,30783,62280.705866066666,0
6714,2021-12-23,36326,65790.38860455817,0
6715,2021-12-24,44585,69390.9372199703,0
6716,2021-12-25,50590,73068.74236798291,1
6717,2021-12-26,54787,76808.69400436553,0
6718,2021-12-27,24882,80594.28436537644,0
6719,2021-12-28,30799,84407.73689323461,0
6720,2021-12-29,78300,88230.15966675499,0
6721,2021-12-30,98016,92041.7213195143,0
6722,2021-12-31,127000,95821.8468913247,0
6723,2022-01-01,144255,99549.43057970406,0
6724,2022-01-02,141352,103203.06195085368,0
6725,2022-01-03,61041,106761.26184628019,0
6726,2022-01-04,68034,110202.72399057238,0
6727,2022-01-05,170837,113506.5581736654,0
6728,2022-01-06,189088,116652.5308495196,0
6729,2022-01-07,219430,119621.29906145293,0
6730,2022-01-08,108297,122394.63376814632,0
6731,2022-01-09,197535,124955.62889642909,0
6732,2022-01-10,155642,127288.8927776903,0
6733,2022-01-11,117405,129380.71902250119,0
6734,2022-01-12,220519,131219.23433967057,0
6735,2022-01-13,196205,132794.52129752058,0
6736,2022-01-14,184577,134098.71454238033,0
6737,2022-01-15,200869,135126.06951809343,0
6738,2022-01-16,192936,135873.00325734494,0
6739,2022-01-17,157465,136338.1073285316,0
6740,2022-01-18,83387,136522.13350979052,0
6741,2022-01-19,228123,136427.9532152901,0
6742,2022-01-20,200966,136060.4921102684,0
6743,2022-01-21,198865,135426.64171456828,0
6744,2022-01-22,185600,134535.1501051712,0
6745,2022-01-23,177335,133396.4940836288,0
6746,2022-01-24,142487,132022.73537284153,0
6747,2022-01-25,77666,130427.36354906787,0
6748,2022-01-26,215051,128625.12850012815,0
6749,2022-01-27,167166,126631.86523113419,0
6750,2022-01-28,156040,124464.31381710427,0
6751,2022-01-29,144347,122139.93723052266,0
6752,2022-01-30,137427,119676.7396548213,0
6753,2022-01-31,104110,117093.08773595495,0
6754,2022-02-01,57631,114407.53702822258,0
6755,2022-02-02,133306,111638.66566223683,0
6756,2022-02-03,119323,108804.91700787535,0
6757,2022-02-04,112956,105924.45282901693,0
6758,2022-02-05,100900,103015.01813611698,0
6759,2022-02-06,93192,100093.81864380793,0
6760,2022-02-07,78943,97177.41144056224,0
6761,2022-02-08,41602,94281.60918301117,0
6762,2022-02-09,102429,91421.39784572423,0
6763,2022-02-10,81669,88610.86779486727,0
6764,2022-02-11,76195,85863.15771749054,1
6765,2022-02-12,67478,83190.41073293335,0
6766,2022-02-13,62221,80603.74184376761,0
6767,2022-02-14,52345,78113.2157545647,0
6768,2022-02-15,28776,75727.83400000082,0
6769,2022-02-16,71023,73455.53028044163,0
6770,2022-02-17,59869,71303.17290267386,0
6771,2022-02-18,58055,69276.5732638237,0
6772,2022-02-19,53700,67380.49939414368,0
6773,2022-02-20,50675,65618.6936842529,0
6774,2022-02-21,42202,63993.89405831779,0
6775,2022-02-22,24484,62507.85800927868,0
6776,2022-02-23,60137,61161.38907753984,0
6777,2022-02-24,49162,59954.365522137916,0
6778,2022-02-25,47493,58885.77109482991,0
6779,2022-02-26,42069,57953.727974688765,0
6780,2022-02-27,39360,57155.53204625708,0
6781,2022-02-28,31878,56487.69080172771,0
6782,2022-03-01,18278,55945.96421199074,0
6783,2022-03-02,47136,55525.40893927859,0
6784,2022-03-03,37946,55220.42625389344,0
6785,2022-03-04,42588,55024.81396927875,0
6786,2022-03-05,38353,54931.822625508794,0
6787,2022-03-06,41364,54934.21603487182,0
6788,2022-03-07,35889,55024.33615993941,0
6789,2022-03-08,22662,55194.172131001076,0
6790,2022-03-09,60753,55435.43303365575,0
6791,2022-03-10,49815,55739.623917004035,0
6792,2022-03-11,55156,56098.12429684459,0
6793,2022-03-12,53961,56502.26826497394,0
6794,2022-03-13,54669,56943.42517302678,0
6795,2022-03-14,50079,57413.07974428833,0
6796,2022-03-15,29698,57902.910385388466,0
6797,2022-03-16,86414,58404.864426130305,0
6798,2022-03-17,74147,58911.22901268358,0
6799,2022-03-18,82368,59414.69641804321,0
6800,2022-03-19,78577,59908.4226133562,0
6801,2022-03-20,75768,60386.078062139066,0
6802,2022-03-21,61564,60841.88985271442,0
6803,2022-03-22,33445,61270.67446725241,0
6804,2022-03-23,96904,61667.86069240965,0
6805,2022-03-24,78358,62029.50239974834,1
6806,2022-03-25,82648,62352.28115645666,0
6807,2022-03-26,76397,62633.49886078551,0
6808,2022-03-27,74616,62871.060824614586,0
6809,2022-03-28,60612,63063.44994062215,0
6810,2022-03-29,31560,63209.69276726622,0
6811,2022-03-30,100296,63309.31853564312,0
6812,2022-03-31,71411,63362.312223718196,0
6813,2022-04-01,74364,63369.06295195939,0
6814,2022-04-02,77040,63330.30902773461,0
6815,2022-04-03,71412,63247.0810027921,0
6816,2022-04-04,55009,63120.644108703935,0
6817,2022-04-05,31329,62952.4414003414,0
6818,2022-04-06,88914,62744.038869288655,0
6819,2022-04-07,69885,62497.07369046839,0
6820,2022-04-08,70123,62213.20663979661,0
6821,2022-04-09,67641,61894.079572665716,0
6822,2022-04-10,64421,61541.2786872296,0
6823,2022-04-11,53920,61156.30411793674,0
6824,2022-04-12,28705,60740.54621883981,0
6825,2022-04-13,84056,60295.2687082803,0
6826,2022-04-14,62586,59821.598661915246,0
6827,2022-04-15,65617,59320.523164805556,0
6828,2022-04-16,62290,58792.89227016799,0
6829,2022-04-17,64533,58239.42776665505,0
6830,2022-04-18,52253,57660.7371313184,0
6831,2022-04-19,18588,57057.33194465947,0
6832,2022-04-20,27326,56429.64996948294,0
6833,2022-04-21,100440,55778.080047877265,0
6834,2022-04-22,75995,55102.98895083948,0
6835,2022-04-23,73744,54404.74932219819,0
6836,2022-04-24,71028,53683.767890999465,0
6837,2022-04-25,56848,52940.51318198314,0
6838,2022-04-26,25282,52175.542029010074,0
6839,2022-04-27,29984,51389.52428749213,0
6840,2022-04-28,88431,50583.265244755035,0
6841,2022-04-29,70034,49757.7253372754,0
6842,2022-04-30,59395,48914.03689624929,0
6843,2022-05-01,54017,48053.51775346075,0
6844,2022-05-02,41591,47177.68164374377,0
6845,2022-05-03,19068,46288.24543478427,0
6846,2022-05-04,62409,45387.13329655546,1
6847,2022-05-05,47643,44476.477989055435,0
6848,2022-05-06,48715,43558.61949679048,0
6849,2022-05-07,44364,42636.10127105637,0
6850,2022-05-08,40783,41711.66435679706,0
6851,2022-05-09,31225,40788.2396807238,0
6852,2022-05-10,17421,39868.93876319631,0
6853,2022-05-11,56199,38957.043090382125,0
6854,2022-05-12,42683,38055.992348077096,0
6855,2022-05-13,39483,37169.37167717098,0
6856,2022-05-14,39029,36300.89806599226,0
6857,2022-05-15,36334,35454.40594947237,0
6858,2022-05-16,27726,34633.83204177896,0
6859,2022-05-17,13776,33843.19938995837,0
6860,2022-05-18,44901,33086.6006029288,0
6861,2022-05-19,30927,32368.180184112818,0
6862,2022-05-20,30722,31692.115877819197,0
6863,2022-05-21,26818,31062.598929438722,0
6864,2022-05-22,24246,30483.813157432454,0
6865,2022-05-23,18289,29959.9127404562,0
6866,2022-05-24,10021,29494.99863501671,0
6867,2022-05-25,31860,29093.09355688447,0
6868,2022-05-26,22999,28758.11548213743,0
6869,2022-05-27,22636,28493.84965026799,0
6870,2022-05-28,20051,28303.919081461063,0
6871,2022-05-29,18622,28191.753652333173,0
6872,2022-05-30,15136,28160.557808705104,0
6873,2022-05-31,7846,28213.277030173937,0
6874,2022-06-01,24687,28352.56319935339,0
6875,2022-06-02,18822,28580.739068807456,0
6876,2022-06-03,17718,28899.762061136065,0
6877,2022-06-04,9692,29311.187682597723,0
6878,2022-06-05,22809,29816.132878199,0
6879,2022-06-06,15522,30415.239706276654,0
6880,2022-06-07,8616,31108.63976290405,0
6881,2022-06-08,28547,31895.91984027595,0
6882,2022-06-09,22925,32776.08935745972,0
6883,2022-06-10,23534,33747.55015500419,0
6884,2022-06-11,22012,34808.06929487746,0
6885,2022-06-12,22458,35954.755551659524,0
6886,2022-06-13,19310,37184.04031708248,0
6887,2022-06-14,10668,38491.663664875625,0
6888,2022-06-15,39844,39872.66633328257,0
6889,2022-06-16,32809,41321.38837544308,0
6890,2022-06-17,37068,42831.47520013469,0
6891,2022-06-18,36170,44395.891674583065,0
6892,2022-06-19,34971,46006.94488517907,0
6893,2022-06-20,34255,47656.31604972692,0
6894,2022-06-21,16905,49335.10194594793,0
6895,2022-06-22,63264,51033.866066073955,1
6896,2022-06-23,54873,52742.69952832404,0
6897,2022-06-24,57432,54451.29157589733,0
6898,2022-06-25,56410,56149.00927705253,0
6899,2022-06-26,56873,57824.985811221544,0
6900,2022-06-27,49325,59468.21649226528,0
6901,2022-06-28,25019,61067.66144807615,0
6902,2022-06-29,84161,62612.35365350021,0
6903,2022-06-30,95455,64091.510809003805,0
6904,2022-07-01,84234,65494.64937862723,0
6905,2022-07-02,86900,66811.69895514383,0
6906,2022-07-03,85943,68033.11501483193,0
6907,2022-07-04,72917,69149.98806464742,0
6908,2022-07-05,36885,70154.14717524593,0
6909,2022-07-06,133015,71038.25593698377,0
6910,2022-07-07,110017,71795.8989736188,0
6911,2022-07-08,108386,72421.65729886408,0
6912,2022-07-09,101863,72911.17100114566,0
6913,2022-07-10,98901,73261.18798688172,0
6914,2022-07-11,81563,73469.59779554843,0
6915,2022-07-12,83761,73535.44981241599,0
6916,2022-07-13,144058,73458.95553760164,0
6917,2022-07-14,111591,73241.47491264467,0
6918,2022-07-15,108632,72885.48704742565,0
6919,2022-07-16,97936,72394.54602023948,0
6920,2022-07-17,91384,71773.22273202968,0
6921,2022-07-18,68996,71027.03407296282,0
6922,2022-07-19,32051,70162.36089776075,0
6923,2022-07-20,121103,69186.35649922931,0
6924,2022-07-21,86801,68106.84741280392,0
6925,2022-07-22,81535,66932.22847623717,0
6926,2022-07-23,71667,65671.35410737043,0
6927,2022-07-24,69174,64333.42775079956,0
6928,2022-07-25,51875,62927.891384496805,0
6929,2022-07-26,24117,61464.316874967786,0
6930,2022-07-27,88651,59952.30083042371,0
6931,2022-07-28,64400,58401.36443273858,0
6932,2022-07-29,60826,56820.85953814907,0
6933,2022-07-30,54417,55219.88213137702,0
6934,2022-07-31,50297,53607.19400551392,0
6935,2022-08-01,37252,51991.153327456144,0
6936,2022-08-02,19520,50379.65454195471,0
6937,2022-08-03,65099,48780.0778714757,0
6938,2022-08-04,45956,47199.248487958146,0
6939,2022-08-05,42959,45643.405268935785,0
6940,2022-08-06,38215,44118.1789059516,0
6941,2022-08-07,34997,42628.57900828431,1
6942,2022-08-08,26656,41178.98973938193,0
6943,2022-08-09,11975,39773.17343600416,0
6944,2022-08-10,43078,38414.281589376435,0
6945,2022-08-11,31699,37104.87251183817,0
6946,2022-08-12,28423,35846.934969656635,0
6947,2022-08-13,26689,34641.91703113583,0
6948,2022-08-14,24785,33490.759357413706,0
6949,2022-08-15,19455,32393.93215034637,0
6950,2022-08-16,9893,31351.47496700218,0
6951,2022-08-17,8941,30363.03861336411,0
6952,2022-08-18,36261,29427.928341104864,0
6953,2022-08-19,27291,28545.14759130354,0
6954,2022-08-20,24689,27713.441558438644,0
6955,2022-08-21,24392,26931.339887660535,0
6956,2022-08-22,19470,26197.197868792795,0
6957,2022-08-23,10417,25509.235551978352,0
6958,2022-08-24,35357,24865.574282126985,0
6959,2022-08-25,25388,24264.270231480623,0
6960,2022-08-26,23435,23703.3446001696,0
6961,2022-08-27,21995,23180.810251386876,0
6962,2022-08-28,21802,22694.69464795214,0
6963,2022-08-29,17647,22243.05905729752,0
6964,2022-08-30,8347,21824.01408872513,0
6965,2022-08-31,31087,21435.73171656813,0
6966,2022-09-01,21814,21076.45402225872,0
6967,2022-09-02,20498,20744.49895436394,0
6968,2022-09-03,19158,20438.263456191504,0
6969,2022-09-04,17660,20156.22434424964,0
6970,2022-09-05,13196,19896.93733728157,0
6971,2022-09-06,6608,19659.034635365086,0
6972,2022-09-07,24848,19441.22143313968,0
6973,2022-09-08,17570,19242.271722810623,0
6974,2022-09-09,17317,19061.023703935945,0
6975,2022-09-10,15542,18896.375071191324,0
6976,2022-09-11,15563,18747.27840146381,0
6977,2022-09-12,12315,18612.73681072705,0
6978,2022-09-13,6411,18491.80000184466,0
6979,2022-09-14,23158,18383.56077890622,0
6980,2022-09-15,18849,18287.15206354601,0
6981,2022-09-16,17973,18201.744414977413,0
6982,2022-09-17,17362,18126.54402869728,0
6983,2022-09-18,17150,18060.79116898921,0
6984,2022-09-19,12081,18003.758977099544,0
6985,2022-09-20,8257,17954.752589597683,0
6986,2022-09-21,28385,17913.1084990888,0
6987,2022-09-22,21188,17878.1940911538,0
6988,2022-09-23,22523,17849.407296163292,0
6989,2022-09-24,21083,17826.176301511176,0
6990,2022-09-25,22360,17807.95927800136,0
6991,2022-09-26,18794,17794.24408287834,0
6992,2022-09-27,10006,17784.547910742833,0
